UNKNOWN
0 255 255 255 0
L_CA1
1 255 0 0 255
L_CA2
2 0 255 0 255
L_DG
3 128 64 255 255
L_CA3
4 255 255 0 255
L_Head
5 0 255 255 255
L_Tail
6 166 193 255
L_Misc
7 231 66 0 255
L_SUB
8 240 86 224 255
L_ERC
10 210 180 140 255
L_BA35
11 55 180 255 255
L_BA36
12 0 0 255 255
L_PHC
13 243 135 70 255
L_Sulcus
14 46 139 87 255
L_TP
15 255 149 0 255
L_ITG
16 100 0 170 255
L_Fus
17 100 60 50 255
R_CA1
101 255 0 0 255
R_CA2
102 0 255 0 255
R_DG
103 128 64 255 255
R_CA3
104 255 255 0 255
R_Head
105 0 255 255 255
R_Tail
106 166 193 255
R_Misc
107 231 66 0 255
R_SUB
108 240 86 224 255
R_ERC
110 210 180 140 255
R_BA35
111 55 180 255 255
R_BA36
112 0 0 255 255
R_PHC
113 243 135 70 255
R_Sulcus
114 46 139 87 255
R_TP
115 255 149 0 255
R_ITG
116 100 0 170 255
R_Fus
117 100 60 50 255

